1	23	34	44	0	0	67	30.38	3	
2	24	34	44	0	0	65	30.51	4	
3	22	31	40	0	0	66	30.43	4	
4	19	32	44	0	0	66	30.32	2
5	23	35	46	0	0	65	30.33	3
6	29	33	36	.22	0.3	88	30.17	4
7	32	39	46	.01	0	85	30.27	4
8	26	36	45	0	0	91	30.10	5
9	42	47	51	.02	0	78	29.78	11
10	34	41	48	.06	0	81	29.80	6
11	33	41	49	0	0	61	30.16	12	
12	36	45	53	0	0	54	30.28	5	
13	35	45	54	0	0	54	30.46	6
14	30	42	53	0	0	62	30.43	4
15	30	39	48	0	0	71	30.33	3
16	31	42	52	0	0	60	30.31	6
17	31	43	55	0	2.2	59	30.36	3
18	32	43	56	0	6.7	62	30.08	8
19	33	51	58	.23	0	52	29.82	18	
20	27	33	35	.24	0	83	29.91	12
21	24	31	37	0	0	69	30.23	6
22	24	30	35	0	0	61	30.36	9
23	27	36	44	0	0.2	67	30.36	5
24	28	37	46	0	0.2	63	30.16	8
25	33	43	51	.03	0	43	29.85	17
26	30	37	43	.01	0	69	30.22	5
27	31	39	46	0	0	48	30.36	10
28	39	48	55	0	0	43	30.52	5	
29	34	46	57	0	0	54	30.44	8
30	35	47	59	0	0	59	30.05	5
31	40	46	52	0	0	56	30.03	6
