1	36	44	52	0	0	68	30.14	3
2	32	41	50	0	0	74	30.04	4
3	33	51	65	.01	0	56	29.79	17
4	26	32	34	.09	0.9	78	30.26	9
5	24	31	37	0	0	62	30.56	5
6	23	30	36	0	0	69	30.67	3
7	23	31	38	0	0	61	30.70	5	
8	23	32	40	0	0	61	30.70	5
9	22	32	42	0	0	65	30.69	4
10	21	31	40	0	0	69	30.69	4
11	21	26	30	.03	0.3	89	30.65	2
12	24	26	27	.05	0.6	92	30.58	3	
13	22	26	30	0.1	0.1	92	30.37	2
14	24	33	41	0	0	74	30.44	5
15	25	35	44	0	0	69	30.25	6
16	30	33	36	.08	0.8	89	29.97	6
17	27	33	38	0	0	72	30.24	4
18	27	36	45	0	0	60	30.30	6
19	28	39	50	0	0	62	30.12	7
20	29	44	55	.04	1.0	58	29.79	20
21	25	32	37	0	0	58	30.11	13	
22	23	31	39	0	0	57	30.26	8	
23	25	39	42	.10	0	66	30.17	6
24	22	28	33	.22	2.0	68	30.35	4	
25	27	34	39	.16	2.0	91	30.15	3	
26	18	26	34	0	0	91	30.24	4
27	14	28	41	0	0	80	30.32	4
28	20	33	46	0	0	84	30.31	3
29	19	33	46	0	0	77	30.22	3
30	32	40	48	0	0	55	30.06	5
31	25	33	40	0	0	65	30.29	3