1	43	56	69	0	0	0	0	0
2	49	61	72	0	0	0	0	0
3	48	61	64	.01	0	0	0	0
4	44	55	58	.01	0	0	0	0
5	41	49	53	.02	0	0	0	0
6	34	46	50	.02	0	0	0	0
7	32	40	46	0	0	0	0	0	
8	26	39	51	0	0	0	0	0
9	34	47	60	0	0	0	0	0
10	37	45	53	0	0	0	0	0
11	36	46	56	0	0	0	0	0
12	32	45	58	0	0	0	0	0
13	33	46	59	0	0	0	0	0
14	39	50	58	0	0	0	0	0
15	36	49	61	0	0	0	0	0
16	53	63	66	0	0	0	0	0
17	32	43	54	.92	0	0	0	0	
18	30	38	45	0	0	0	0	0
19	30	40	49	0	0	0	0	0
20	34	41	48	0	0	0	0	0
21	44	54	64	0	0	0	0	0
22	44	56	68	0	0	0	0	0
23	46	56	65	0	0	0	0	0
24	44	54	64	0	0	0	0	0
25	41	51	60	0	0	0	0	0
26	39	54	69	0	0	0	0	0
27	38	55	68	.19	0	0	0	0
28	32	41	50	0	0	0	0	0
29	32	41	49	0	0	0	0	0
30	28	39	49	0	0	0	0	0