1	36	41	46	0	0	58	29.95	13
2	36	52	60	0	0	47	29.76	22
3	31	39	47	.05	0.7	74	29.78	8
4	30	35	40	.71	7.6	68	29.99	9
5	28	35	42	0	0	51	30.35	6
6	24	36	48	0	0	43	30.39	7
7	27	39	50	0	0	46	30.24	5
8	31	45	58	0	0	53	30.05	3	
9	38	49	60	0	0	50	29.90	5
10	39	49	59	0	0	58	29.99	5
11	38	51	64	0	0	50	30.09	4
12	43	54	64	0	0	48	30.12	4
13	39	54	69	0	0	50	29.97	6
14	38	51	63	.66	0	62	29.69	13
15	36	41	45	.30	0.1	81	29.75	5
16	35	46	56	.01	0	54	29.80	12
17	36	45	53	.15	0.5	62	29.82	11
18	33	40	46	.01	0	63	30.01	10
19	33	42	51	0	0	58	30.16	5
20	38	49	60	0	0	41	30.02	8
21	44	56	67	0	0	48	29.88	10
22	53	59	65	0	0	50	29.78	20
23	44	53	61	.40	0	68	29.91	6
24	42	53	60	.01	0	45	29.76	14
25	35	40	44	.25	1.2	80	29.88	8
26	32	40	48	.03	0.4	69	30.10	9	
27	31	42	52	0	0	54	30.21	6
28	42	51	59	0	0	41	30.06	11
29	41	50	59	0	0	44	30.11	6
30	44	57	69	0	0	37	30.09	9
31	48	61	73	0	0	33	29.92	8